10 1870 1.2
20 3604 1.1
30 5426 1.1666666666666667
40 7179 1.125
50 9226 1.24
60 10979 1.2166666666666666
70 12458 1.1142857142857143
80 14020 1.0375
90 15936 1.0777777777777777
100 17859 1.13
110 19546 1.12
120 21309 1.13
130 22970 1.08
140 24733 1.08
150 26649 1.06
160 28488 1.07
170 30382 1.16
180 32182 1.21
190 34053 1.18
200 35555 1.06
210 37163 1.02
220 38966 1.02
230 40880 1.08
240 42760 1.11
250 44501 1.05
260 46270 1.03
270 48004 0.99
280 49479 0.91
290 51459 0.96
300 53236 1.04
310 54827 1.04
320 56588 1.04
330 58203 0.98
340 59947 0.94
350 61698 0.95
360 63158 0.87
370 65016 0.89
380 66706 0.95
390 68298 0.86
400 70319 0.9
410 72238 0.97
420 73884 0.93
430 75930 1.04
440 77785 1.08
450 79376 1.04
460 80959 1.1
470 82667 1.09
480 84406 1.12
490 86253 1.19
500 87914 1.13
510 89916 1.14
520 91568 1.15
10 1564 0.6
20 3407 0.95
30 5417 1.2
40 7296 1.25
50 9096 1.26
60 10885 1.25
70 12809 1.3
80 14381 1.2
90 16124 1.1777777777777778
100 17836 1.15
110 19659 1.2
120 21392 1.18
130 23052 1.11
140 24873 1.09
150 26478 1.02
160 28456 1.07
170 30107 0.98
180 31925 1.04
190 33866 1.08
200 35592 1.08
210 37253 1.05
220 39180 1.09
230 41025 1.12
240 43162 1.19
250 45040 1.28
260 46907 1.25
270 48593 1.27
10 1712 1.1
20 3442 1.1
30 5578 1.3666666666666667
40 7344 1.3
50 8910 1.18
60 10498 1.0833333333333333
70 12202 1.042857142857143
80 13770 0.975
90 15697 1.0333333333333334
100 17366 0.99
110 19172 1.01
120 21005 1.02
130 22735 0.92
140 24612 0.93
150 26565 1.03
160 28299 1.07
170 30043 1.09
180 31865 1.17
190 33652 1.14
200 35474 1.2
210 37102 1.15
220 39153 1.21
230 40883 1.2
240 42742 1.22
250 44662 1.18
260 46727 1.27
270 48234 1.21
280 50497 1.32
10 1969 1.6
20 3699 1.35
30 5416 1.2333333333333334
40 7109 1.15
50 8812 1.1
60 10680 1.1333333333333333
70 12260 1.0714285714285714
80 14070 1.1
90 15853 1.1
100 17661 1.09
110 19300 1.01
120 20833 0.95
130 22672 0.98
140 24388 1.0
150 26029 0.97
160 27711 0.92
170 29443 0.94
180 31242 0.94
190 33043 0.93
200 35076 1.01
210 36832 1.02
220 38753 1.11
230 40466 1.06
240 42188 1.05
250 43920 1.1
260 45558 1.1
270 47616 1.17
280 49472 1.18
290 51146 1.18
300 53016 1.14
310 54850 1.17
320 56448 1.09
330 58279 1.13
340 60056 1.17
350 61579 1.12
360 63186 1.1
370 64846 1.02
380 66766 1.03
390 68788 1.09
400 70676 1.09
410 72305 1.02
420 74120 1.08
430 75782 1.05
440 77561 1.04
450 79367 1.1
460 81254 1.18
470 82876 1.17
480 84802 1.17
490 86596 1.12
500 88504 1.13
510 90357 1.21
520 92185 1.19
530 93986 1.23
540 95515 1.15
550 97480 1.19
560 99294 1.17
570 101216 1.24
580 103025 1.2
590 104711 1.17
600 106825 1.22
610 108817 1.25
620 110646 1.26
630 112406 1.24
640 114247 1.31
650 116100 1.29
660 117805 1.25
670 119685 1.24
680 121810 1.37
690 123362 1.34
700 125031 1.23
710 126955 1.22
720 128759 1.23
730 130584 1.24
740 132369 1.23
750 134209 1.2
760 136065 1.24
770 137867 1.24
780 139688 1.11
790 141589 1.21
800 143696 1.33
810 145307 1.25
820 147083 1.24
830 149030 1.26
840 150837 1.26
850 152673 1.29
860 154460 1.29
870 156098 1.25
880 158185 1.35
890 159940 1.31
900 161805 1.23
910 163434 1.24
920 165204 1.25
930 167046 1.26
940 168768 1.26
950 170770 1.31
960 172604 1.32
970 174341 1.35
980 176106 1.25
990 177934 1.25
1000 179919 1.3
1010 181457 1.28
1020 183287 1.28
1030 185053 1.26
1040 186945 1.3
1050 188630 1.2
1060 190415 1.2
1070 192107 1.18
1080 193923 1.21
1090 195825 1.26
1100 197631 1.21
1110 199955 1.4
1120 201963 1.45
1130 203711 1.44
10 1686 0.9
20 3388 0.95
30 5177 0.9666666666666667
40 6816 0.9
50 8403 0.88
60 10277 0.9666666666666667
70 11963 0.9571428571428572
80 13587 0.9375
90 15721 1.0333333333333334
100 17408 1.02
110 19061 1.0
120 20985 1.04
130 22623 1.02
140 24458 1.09
150 26241 1.13
160 27964 1.07
170 29564 1.04
180 31346 1.07
190 33195 1.02
200 34976 1.08
210 36723 1.12
220 38471 1.09
230 40391 1.17
240 42158 1.14
250 44108 1.15
260 45916 1.18
270 47576 1.2
280 49530 1.25
290 51459 1.27
300 53128 1.25
310 55039 1.31
320 56972 1.35
330 58733 1.29
340 60697 1.34
350 62269 1.27
360 64105 1.3
370 66021 1.39
380 67671 1.3
390 69552 1.34
400 71471 1.36
410 73568 1.37
10 1914 1.5
20 3623 1.3
30 5138 1.0
40 7015 1.1
50 8691 1.06
60 10694 1.15
70 12469 1.1285714285714286
80 14378 1.175
10 1779 0.9
20 3678 1.05
30 5425 1.0333333333333334
40 7325 1.125
50 9184 1.16
60 11204 1.25
70 13043 1.2285714285714286
80 14763 1.1875
90 16463 1.1555555555555554
100 18301 1.17
110 20153 1.21
120 21870 1.18
130 23467 1.16
140 25005 1.06
150 26850 1.05
160 28673 1.01
170 30841 1.13
180 32763 1.18
190 34488 1.18
200 36087 1.11
210 37954 1.12
220 39865 1.16
230 41499 1.16
240 43242 1.22
250 44838 1.17
260 46800 1.21
270 48577 1.09
10 1963 1.8
20 3748 1.4
30 5570 1.3666666666666667
40 7507 1.4
50 9211 1.32
60 10712 1.15
70 12479 1.1285714285714286
80 13984 1.0375
90 15596 1.0
100 17648 1.08
110 19468 1.01
120 21141 1.01
130 22739 0.94
140 24382 0.9
150 26172 0.91
160 28084 1.02
170 29696 1.0
180 31506 1.06
190 33754 1.21
200 35341 1.09
210 37126 1.1
220 38767 1.08
230 40422 1.08
240 42365 1.12
250 43854 1.03
260 45481 0.95
270 47046 0.92
280 48772 0.93
290 50516 0.81
300 52424 0.88
310 54243 0.87
320 56103 0.9
330 58179 1.03
340 60161 1.03
350 62018 1.15
360 63801 1.19
370 65615 1.26
380 67560 1.31
390 69284 1.3
400 70885 1.24
410 72623 1.23
420 74076 1.14
430 75897 1.06
440 77597 1.0
450 79445 0.98
460 81332 1.02
470 83283 1.03
480 85034 0.97
10 6223 173.0
20 12567 187.0
30 18507 184.0
40 25024 192.5
50 32468 194.0
60 39415 195.5
70 46534 209.71428571428572
80 53043 208.5
10 14139 5500.0
20 27189 4950.0
30 40228 5000.0
40 51855 4325.0
50 64098 4040.0
10 12624 5500.0
20 25384 4600.0
30 38336 4000.0
40 52118 4650.0
50 64480 4460.0
60 77332 4200.0
70 90960 4185.714285714285
80 104493 4000.0
90 117163 4000.0
100 130539 4170.0
110 145154 4090.0
120 158390 4250.0
130 171077 4470.0
140 182626 4200.0
150 196068 4340.0
160 209852 4680.0
170 223407 4690.0
10 18230 0.0
20 40910 0.0
10 7533 174.0
20 14397 180.5
30 20931 169.83333333333334
40 26739 153.125
50 33374 145.3
60 40776 152.75
70 48018 146.0
80 53808 142.25
90 61140 147.55555555555554
100 67730 146.25
110 75801 145.8
10 7525 174.0
20 15099 178.25
30 23021 181.5
40 30299 173.125
50 40384 190.1
60 47301 185.33333333333334
70 53981 180.85714285714286
80 59578 174.125
90 67650 175.11111111111111
100 74631 173.25
110 81880 175.65
120 88002 169.15
130 95172 165.85
140 102888 172.8
150 109048 156.85
160 115599 154.2
170 122763 154.35
180 129494 155.65
190 136964 154.9
200 143586 155.15
210 150741 152.8
220 156456 150.65
10 8020 190.5
20 14782 167.0
30 21188 163.0
40 28473 172.25
50 35263 166.0
60 42199 162.5
70 48738 157.71428571428572
80 55660 155.0
90 63170 157.0
10 6963 193.0
20 13965 166.5
30 21093 163.33333333333334
40 29625 182.625
50 36560 170.8
60 43814 173.08333333333334
10 5998 90.0
20 14232 141.25
10 5802 106.5
20 13634 142.5
30 20742 137.66666666666666
40 26952 132.25
50 34232 137.9
60 41496 143.08333333333334
70 48437 144.71428571428572
80 56331 149.5625
90 64230 151.0
100 71653 154.55
110 78889 156.75
120 84502 149.65
130 90760 148.8
140 97021 151.15
150 103639 149.9
160 111902 154.8
170 118543 153.85
180 125453 149.65
190 132103 148.8
200 138748 141.3
210 145425 144.75
220 151835 148.0
230 159382 154.1
240 165861 154.75
250 171508 154.85
260 178109 150.5
270 185302 153.35
280 193573 157.25
290 200017 154.3
300 206753 155.35
310 212765 150.1
320 221041 158.65
330 227569 155.1
340 235023 158.95
350 241750 160.2
360 248503 159.55
370 255985 156.55
380 263233 156.65
390 270132 162.2
400 277485 165.55
410 283492 167.55
420 289542 156.4
430 298983 169.15
440 305960 167.1
450 312156 162.1
460 318314 156.75
470 326859 165.05
480 334309 163.05
490 342481 166.55
500 349984 167.9
510 357506 170.5
520 364266 175.9
530 370796 162.9
540 378845 165.15
550 385567 166.7
560 391481 166.55
570 398753 163.25
10 6766 118.0
20 13762 137.5
30 19943 130.5
40 25520 123.375
50 33405 138.5
60 41046 150.08333333333334
70 47642 151.0
10 6245 119.0
20 13513 130.75
30 20560 153.0
40 26866 149.0
50 34019 156.2
60 41062 159.41666666666666
70 49000 159.35714285714286
80 56570 160.25
90 65162 166.05555555555554
100 73156 170.05
110 79658 170.7
120 86733 171.55
130 92943 164.1
140 101198 174.0
150 108301 171.9
160 116920 173.2
170 123357 171.4
180 129922 167.95
190 137333 165.15
200 145026 162.1
210 151540 163.5
220 159242 162.6
230 166447 165.8
240 173432 154.45
250 179996 148.65
260 186727 144.4
270 193746 144.65
280 201374 151.1
290 209231 149.85
300 215845 146.1
310 224071 150.9
320 231341 153.6
330 238303 152.4
340 246272 158.6
350 253455 165.85
360 261134 170.8
370 268914 176.5
380 275834 173.3
390 283311 171.35
400 290147 169.9
410 298218 169.3
420 304350 163.2
430 311019 166.5
440 318468 165.8
450 325095 163.0
460 330770 152.4
470 337445 144.25
480 344457 139.85
490 353304 146.45
500 362696 155.35
510 370111 156.1
520 378070 165.25
530 385405 163.5
540 392648 162.9
550 398659 160.1
560 406030 169.1
570 412411 174.15
580 417558 174.15
590 425791 175.85
600 433393 172.65
610 439938 172.15
620 446520 163.45
630 452548 160.55
640 459422 159.8
650 466969 169.15
660 474969 170.15
670 481397 167.1
680 488276 171.9
690 494871 163.55
700 502742 165.85
710 510149 160.75
720 517715 172.0
730 525019 176.6
740 532814 176.2
750 540576 173.9
760 548574 174.3
770 556759 176.1
780 564365 181.75
790 570878 179.75
800 578875 177.8
810 584971 175.85
820 593694 173.9
830 601391 172.7
840 610015 177.7
850 617643 177.9
860 627348 184.15
870 635407 188.05
880 644768 200.65
890 654043 213.4
900 662994 219.45
910 670758 226.35
920 678376 219.4
930 687562 230.35
940 694408 225.15
950 702398 222.85
960 712019 220.4
970 721459 229.7
980 728605 207.15
990 736582 199.8
1000 743884 191.5
1010 752830 200.05
1020 760912 205.75
1030 769599 199.1
1040 776655 199.05
1050 785508 208.15
1060 794816 210.55
1070 804802 208.2
1080 814689 222.15
1090 823528 223.2
1100 831808 227.5
1110 839835 221.0
1120 848828 227.5
1130 856142 227.55
1140 863342 228.7
1150 871685 218.45
1160 880720 212.9
1170 891708 211.1
1180 900131 207.25
1190 909022 210.5
1200 917172 207.7
1210 925843 207.25
1220 933158 200.4
1230 942914 200.1
1240 952211 209.2
1250 961044 213.5
1260 969871 217.25
1270 977927 213.35
1280 987138 210.35
1290 994309 201.95
1300 1004047 214.65
1310 1011935 211.35
1320 1021194 216.0
1330 1030949 217.95
1340 1040855 216.1
1350 1049671 223.05
1360 1057687 218.35
1370 1067260 219.2
1380 1076651 221.95
1390 1085084 228.6
1400 1093101 215.9
1410 1101138 219.05
1420 1110322 216.5
1430 1119237 218.9
1440 1127437 216.95
1450 1137144 213.65
1460 1146977 220.5
1470 1154331 215.4
1480 1164141 215.2
1490 1173432 216.45
1500 1183190 220.2
1510 1192585 220.25
1520 1202015 221.0
1530 1211133 217.6
1540 1220523 221.3
1550 1230796 219.4
1560 1238728 212.0
1570 1246575 216.6
1580 1256036 222.95
1590 1263879 213.85
1600 1271706 211.55
1610 1279238 210.15
1620 1287933 207.4
1630 1297265 210.15
1640 1307315 206.5
1650 1315968 208.15
1660 1324701 210.9
1670 1334525 215.05
1680 1343610 206.95
1690 1352511 218.85
1700 1361534 223.25
1710 1369151 223.2
1720 1378523 228.8
1730 1387091 225.75
1740 1393450 214.4
1750 1401496 204.65
1760 1410172 200.5
1770 1419226 198.05
1780 1426912 194.7
1790 1438274 198.2
1800 1447277 193.15
1810 1455273 193.9
1820 1466353 195.95
1830 1475090 196.55
1840 1483035 207.1
1850 1493023 218.45
1860 1501929 229.7
1870 1511325 229.4
1880 1519737 238.15
1890 1529132 233.55
1900 1538488 239.05
1910 1546423 238.2
1920 1554017 228.65
1930 1563859 232.7
1940 1573207 235.1
1950 1582991 230.85
1960 1590849 217.7
1970 1598740 214.15
1980 1605926 203.65
1990 1614567 202.45
2000 1623745 202.15
2010 1633091 211.65
2020 1642521 217.4
2030 1652339 216.35
2040 1660376 207.4
2050 1669867 206.55
2060 1677846 208.0
2070 1685871 206.15
2080 1694195 208.5
2090 1704179 209.55
2100 1712212 203.4
2110 1719536 191.2
2120 1728450 192.75
2130 1737998 196.3
2140 1747074 208.15
2150 1755358 211.8
2160 1763637 218.05
2170 1772869 227.15
2180 1782487 231.95
2190 1792394 236.45
2200 1800767 237.25
2210 1809729 244.6
2220 1818531 243.8
2230 1829201 239.05
2240 1837214 231.6
2250 1846619 229.45
2260 1855982 227.4
2270 1864561 224.3
2280 1872348 223.9
2290 1880234 213.25
2300 1888144 210.3
2310 1896913 207.85
2320 1903882 200.75
2330 1913151 202.25
2340 1921574 199.65
2350 1929238 192.55
2360 1937830 194.45
2370 1947068 199.1
2380 1956185 198.05
2390 1963689 200.8
2400 1971053 205.4
2410 1978405 198.9
2420 1987590 203.9
2430 1995679 202.55
2440 2004211 207.2
2450 2011830 207.75
2460 2020724 208.35
2470 2029275 201.1
2480 2039635 206.95
2490 2049659 212.4
2500 2058583 214.4
2510 2066514 217.4
2520 2075700 217.25
2530 2087515 229.3
2540 2097265 234.9
2550 2107238 248.2
2560 2118124 261.95
2570 2127867 267.7
2580 2136543 262.0
2590 2144667 257.45
2600 2151155 251.1
2610 2158572 249.65
2620 2166714 247.3
2630 2173933 229.5
2640 2183821 224.6
2650 2193899 219.7
2660 2203253 207.35
2670 2211581 198.35
2680 2222057 204.2
2690 2230230 203.65
2700 2239637 208.7
2710 2248512 213.9
2720 2258807 220.65
2730 2267805 223.8
2740 2277931 228.15
2750 2287139 222.7
2760 2296915 224.75
2770 2306898 237.3
2780 2316451 233.1
2790 2327703 239.8
2800 2335912 237.8
2810 2343690 239.85
2820 2354360 241.3
2830 2363016 242.6
2840 2371739 236.85
2850 2379873 238.45
2860 2389353 233.45
2870 2399680 232.9
2880 2409507 232.1
2890 2419940 237.45
2900 2428141 235.95
2910 2436348 234.9
2920 2444374 226.25
2930 2452891 226.9
2940 2461587 227.65
2950 2470126 231.8
2960 2481768 244.85
2970 2491953 248.2
2980 2499935 246.3
2990 2507978 230.55
3000 2517503 242.15
3010 2525416 234.9
3020 2533327 236.6
3030 2541678 240.0
3040 2549881 241.5
3050 2558739 239.15
3060 2567474 224.3
3070 2577048 221.7
3080 2585333 226.75
3090 2593005 228.35
3100 2601076 219.8
3110 2610295 226.45
3120 2618999 227.3
3130 2628263 224.2
3140 2636462 221.25
3150 2645177 220.7
3160 2653072 224.7
3170 2661552 214.1
3180 2668333 203.65
3190 2676005 203.3
3200 2684552 209.2
3210 2693710 213.85
3220 2702404 214.45
3230 2711009 209.6
3240 2719595 214.85
3250 2728868 221.1
3260 2737666 215.3
3270 2745907 211.4
3280 2754965 218.15
3290 2763774 221.5
3300 2773473 219.05
3310 2781636 211.15
3320 2791317 209.9
3330 2799270 218.0
3340 2806675 210.9
3350 2816764 208.5
3360 2825366 213.3
3370 2834298 224.25
3380 2843562 230.4
3390 2851227 225.6
3400 2860386 229.15
3410 2868360 231.4
3420 2875691 230.05
3430 2884471 225.6
3440 2893012 224.6
3450 2900970 217.0
3460 2909165 213.85
3470 2918257 208.5
3480 2927400 205.1
3490 2936579 210.55
3500 2946455 212.75
3510 2956315 215.95
3520 2967315 224.25
3530 2976141 223.55
3540 2983943 222.5
3550 2992360 226.05
3560 3002253 227.25
3570 3010817 226.0
3580 3018256 218.05
3590 3026201 212.2
3600 3036619 205.6
3610 3047182 210.2
3620 3054571 201.3
3630 3063651 201.8
3640 3072078 204.05
3650 3082504 213.4
3660 3090929 215.0
3670 3098035 205.95
3680 3108256 214.6
3690 3117437 218.2
3700 3125227 213.55
3710 3133256 203.3
3720 3141223 201.3
3730 3149594 202.95
3740 3158770 210.8
3750 3166333 197.9
3760 3176620 201.1
3770 3186961 219.5
3780 3195787 215.8
3790 3204595 219.35
3800 3212980 227.1
3810 3221861 233.45
3820 3232199 244.1
3830 3242000 244.25
3840 3252039 245.95
3850 3261230 254.25
3860 3268425 242.95
3870 3277776 238.35
3880 3286412 236.2
3890 3296327 242.45
3900 3305474 234.05
3910 3313735 228.8
3920 3322043 222.9
3930 3331879 221.8
3940 3340824 215.0
3950 3348071 206.3
3960 3356186 213.95
3970 3364649 215.3
3980 3371827 211.15
3990 3379878 201.3
4000 3388617 199.35
4010 3397908 202.5
4020 3407064 201.55
4030 3414304 192.5
4040 3422805 191.1
4050 3432492 198.9
4060 3440787 197.8
4070 3448207 187.0
4080 3460517 210.6
4090 3468828 212.55
4100 3477755 223.65
4110 3485381 218.5
4120 3493431 216.05
4130 3504224 228.25
4140 3513873 233.35
4150 3520960 222.75
4160 3529351 221.2
4170 3540219 243.2
4180 3548150 224.7
4190 3556947 222.7
4200 3567222 224.25
4210 3575745 227.55
4220 3583977 234.0
4230 3592423 228.9
4240 3600420 223.75
4250 3609043 229.8
4260 3617657 227.4
4270 3626541 218.0
4280 3637226 222.25
4290 3648081 235.6
4300 3657818 233.95
4310 3667189 233.7
4320 3675925 229.4
4330 3685541 230.85
4340 3693912 235.6
4350 3702942 237.3
4360 3711444 243.35
4370 3720113 238.55
4380 3728483 234.75
4390 3736315 220.95
4400 3745334 212.6
4410 3752894 209.65
10 8269 166.5
20 14719 148.75
30 21142 135.0
40 27830 135.75
50 35218 144.6
60 41574 142.41666666666666
70 48118 141.35714285714286
80 54559 138.5625
90 61733 143.16666666666666
100 68408 143.6
110 74989 142.95
120 81802 145.2
130 88963 151.4
140 95174 151.1
150 102242 148.4
10 7586 170.5
20 14670 159.25
30 21591 158.0
40 28490 164.625
50 34312 153.6
60 41700 156.16666666666666
70 48907 158.14285714285714
80 54763 148.875
90 62088 151.72222222222223
100 68092 148.9
110 75265 150.65
120 83064 152.3
130 90263 157.6
140 97134 153.05
150 103361 154.0
160 110117 151.8
170 117322 148.4
180 123201 149.65
190 128755 144.8
200 135659 148.1
210 142243 141.0
220 149903 145.65
230 157065 140.0
240 163209 138.9
250 170011 140.4
260 177393 144.45
270 183842 146.25
280 189984 150.05
290 196731 149.75
300 203587 145.85
310 210889 153.5
320 218037 150.1
330 224580 149.45
340 232029 157.65
350 239012 162.45
360 246028 158.45
370 253365 158.75
380 260133 159.9
390 266900 162.35
400 274073 166.6
410 282041 163.15
420 289768 162.85
430 295638 159.95
440 303648 160.8
10 8729 -20.6
20 18953 -20.2
30 28492 -20.1
40 37203 -20.2
50 46604 -20.2
60 56146 -20.166666666666668
70 65458 -20.214285714285715
80 75185 -20.225
90 84467 -20.22222222222222
100 93655 -20.21
110 102312 -20.23
120 111771 -20.3
130 120870 -20.32
140 130921 -20.33
150 140359 -20.31
160 149788 -20.35
170 159507 -20.3
180 170679 -20.21
190 181601 -20.13
200 191852 -20.15
210 201634 -20.12
220 212096 -20.04
230 222318 -20.02
240 232393 -19.95
250 242904 -19.9
10 6427 135.0
20 13008 130.5
30 20470 144.16666666666666
40 27519 142.75
50 33996 146.6
60 40812 145.58333333333334
70 47641 147.5
80 54604 145.75
90 61554 145.61111111111111
10 7138 188.0
20 14123 175.75
30 21425 166.5
40 28420 160.125
50 35383 165.1
60 41993 163.33333333333334
70 48000 157.78571428571428
80 56060 162.3125
90 62452 162.11111111111111
100 69542 162.0
110 75425 154.25
120 83034 155.3
130 88738 149.45
140 95049 150.05
150 101817 143.2
160 108588 140.65
170 114855 141.0
180 121168 134.5
190 127236 129.15
200 133751 128.05
210 140355 131.15
220 147040 127.45
230 153136 130.3
240 159483 131.2
250 167185 134.65
260 173559 135.1
270 180597 136.7
280 187759 144.25
290 194117 146.1
300 201059 149.65
310 208036 149.7
320 215583 153.8
330 221477 155.35
340 227960 155.3
350 233558 151.7
360 239988 153.1
370 247919 156.9
380 256253 156.4
390 263260 160.55
400 271523 160.7
410 279456 168.7
420 285467 163.85
430 291873 162.4
440 296937 156.15
450 302387 155.95
460 309297 155.3
470 316116 152.35
480 321604 145.15
490 327496 142.45
500 333776 135.6
510 340626 129.35
520 347780 131.65
530 354972 135.9
540 362336 145.55
550 369669 153.35
560 376880 160.35
570 383213 163.8
580 390351 172.3
590 396476 172.35
600 403499 177.85
610 411581 187.25
10 7108 150.0
20 14389 136.75
30 20474 127.5
40 27624 138.125
50 35029 141.7
60 42879 150.41666666666666
70 51073 152.85714285714286
80 57394 151.8125
90 65213 160.27777777777777
100 71430 158.05
110 79631 164.3
120 86798 168.4
130 93316 168.45
140 100215 166.45
150 106318 163.3
160 113474 155.35
170 121091 152.7
180 128086 155.1
190 135345 148.15
200 141499 146.65
210 147972 141.3
220 153829 136.05
230 159540 136.0
240 166685 134.55
250 172601 135.35
260 180612 144.55
270 187235 141.15
280 195153 142.85
290 202046 145.35
300 207612 145.55
310 213930 147.55
320 220556 150.95
330 228477 160.15
340 234966 161.5
350 241838 162.0
360 248006 156.3
10 7335 172.0
20 14505 152.25
30 21128 138.33333333333334
40 28360 142.625
50 35765 140.1
60 43360 143.75
70 50087 141.85714285714286
80 57251 147.0625
90 64745 147.44444444444446
100 73191 151.35
110 79774 149.9
120 86428 153.0
130 93970 158.85
140 101824 163.15
150 107458 159.4
160 115162 159.55
170 122977 168.0
180 129232 164.85
190 136191 164.15
200 143129 158.95
210 148753 154.15
220 155625 148.95
230 163503 152.8
240 169929 150.05
250 177746 155.75
260 184983 157.5
270 192076 151.15
280 198889 147.3
290 206222 150.9
300 212454 148.35
310 219156 152.0
320 226511 156.7
330 233266 152.0
340 239732 147.95
350 247584 152.1
360 255544 154.45
370 262075 154.35
380 268834 161.75
390 277111 165.15
400 284762 168.85
410 292285 168.65
420 299387 172.35
430 306158 170.7
440 311943 169.2
450 319406 167.95
460 326656 166.7
470 333535 167.05
480 341482 163.7
490 348647 158.3
500 355630 158.35
510 362721 158.3
520 370772 154.85
530 377704 156.7
540 384484 160.15
550 391865 158.6
560 398001 150.5
570 405560 153.3
580 413535 159.05
590 420829 159.6
600 428020 159.85
610 435592 162.9
620 442304 162.35
630 450005 161.65
640 458655 172.85
650 465832 172.05
660 472586 175.6
670 480933 178.45
680 489231 176.8
690 494758 169.45
700 502269 169.85
710 509916 166.9
720 516465 164.55
730 523969 163.95
740 531818 153.95
750 538598 151.35
760 544491 147.6
770 550322 135.4
780 557732 134.35
790 566110 146.05
800 573702 151.4
810 580259 154.2
820 589202 165.5
830 597271 172.9
840 604735 173.95
850 612935 180.15
860 620101 186.65
870 627071 194.55
880 634217 194.55
890 640328 186.1
900 646286 179.65
910 653591 180.45
920 660923 172.0
930 668969 173.7
940 675957 172.05
950 683586 172.5
960 691127 173.45
970 699523 179.75
980 706528 178.55
990 714306 183.55
1000 721462 190.75
1010 728800 198.9
1020 735916 196.6
1030 742585 184.65
1040 750726 194.1
1050 758028 190.15
1060 764889 186.5
1070 771748 181.2
1080 779190 180.5
1090 786144 177.8
1100 792702 168.05
1110 800864 163.8
1120 808268 165.7
1130 815545 168.85
1140 822496 162.3
1150 829248 165.0
1160 835475 162.8
1170 843861 166.15
1180 851066 166.25
1190 858803 171.55
1200 866182 178.45
1210 873288 174.55
1220 879171 171.35
1230 886495 171.8
1240 893407 167.85
1250 900767 164.6
1260 908481 168.8
1270 915070 162.05
1280 921960 160.55
1290 929116 157.15
1300 938125 161.35
1310 944927 160.55
1320 951768 160.4
1330 959425 164.45
1340 965863 162.0
1350 971865 159.05
1360 978702 153.6
1370 986259 156.55
1380 993933 158.7
1390 1000102 153.5
1400 1007748 151.3
1410 1015103 152.95
1420 1022451 155.2
1430 1030365 152.1
1440 1036897 156.1
1450 1044767 160.0
1460 1052853 168.2
1470 1060318 171.9
1480 1067358 170.7
1490 1075416 180.2
1500 1082131 172.75
1510 1090647 179.95
1520 1097048 178.35
1530 1105111 180.0
1540 1114035 189.5
1550 1121232 188.15
1560 1128554 183.5
1570 1136966 185.75
1580 1143315 186.05
1590 1150335 178.65
1600 1158535 186.45
1610 1167523 186.9
1620 1175235 195.05
1630 1183111 194.55
1640 1189600 182.1
1650 1196390 184.4
1660 1203243 189.45
1670 1210677 185.55
1680 1218096 188.3
1690 1225890 194.0
1700 1232105 186.9
1710 1238290 171.3
1720 1248392 178.2
1730 1255352 176.0
1740 1262591 179.15
1750 1270084 175.15
1760 1275739 170.25
1770 1284857 179.45
1780 1290735 173.65
1790 1298227 173.0
1800 1305129 173.45
1810 1313119 183.25
1820 1319739 169.0
1830 1325882 166.35
1840 1333896 172.4
1850 1341506 176.6
1860 1349093 182.5
1870 1357461 176.55
1880 1363722 175.45
1890 1370583 171.95
1900 1377624 175.8
1910 1383275 166.65
1920 1389754 167.8
1930 1397396 172.15
1940 1405139 166.35
1950 1412170 167.05
1960 1419409 162.2
1970 1426980 158.8
1980 1434692 165.85
1990 1441151 163.7
2000 1449071 166.5
2010 1457944 175.45
2020 1464646 174.8
2030 1472554 176.55
2040 1479966 178.4
2050 1486808 178.25
2060 1494023 180.1
2070 1501702 182.05
2080 1508220 177.6
2090 1516094 187.05
2100 1523786 183.9
2110 1530447 178.65
2120 1537191 179.4
2130 1545302 180.4
2140 1552036 177.3
2150 1558278 174.35
2160 1563906 166.95
2170 1570941 163.8
2180 1579460 175.35
2190 1587666 173.4
2200 1594345 171.75
2210 1600616 172.55
2220 1608888 181.65
2230 1615168 176.15
2240 1622607 176.95
2250 1629301 176.2
2260 1636543 182.45
2270 1643629 180.3
2280 1650766 183.45
2290 1658745 182.8
2300 1666062 187.3
2310 1675819 198.35
2320 1682983 194.5
2330 1690437 201.75
2340 1695819 195.2
2350 1703001 201.2
2360 1709542 200.05
2370 1716364 201.4
2380 1723611 188.8
2390 1730769 184.95
2400 1738084 187.85
2410 1745268 181.4
2420 1752472 179.65
2430 1757637 169.05
2440 1765870 183.3
2450 1773609 183.45
2460 1781310 188.65
2470 1789304 188.7
2480 1797008 190.75
2490 1804639 194.7
2500 1812401 187.6
2510 1819993 188.65
2520 1826981 188.35
2530 1835322 204.3
2540 1842196 195.75
2550 1849885 192.75
2560 1857377 191.55
2570 1865009 193.1
2580 1870653 186.85
2590 1877425 183.7
2600 1884827 184.0
2610 1891272 175.3
2620 1899501 181.45
2630 1907414 176.45
2640 1913430 174.7
2650 1920359 176.55
2660 1928817 183.75
2670 1935434 180.1
2680 1941188 181.8
2690 1949047 183.95
2700 1955653 185.15
2710 1961920 187.7
2720 1968116 175.8
2730 1974330 166.45
2740 1981836 171.65
2750 1990221 170.35
2760 1997265 159.05
2770 2003572 158.4
2780 2010899 160.15
2790 2017578 158.5
2800 2025490 161.3
2810 2032947 163.5
2820 2039348 163.75
2830 2045730 165.2
2840 2053840 167.7
2850 2060152 163.35
2860 2066867 167.65
2870 2074845 172.55
2880 2082926 174.25
2890 2089239 170.85
2900 2096184 164.65
2910 2104059 168.15
2920 2110853 175.8
2930 2117797 179.3
2940 2125521 174.0
2950 2132505 179.55
2960 2138294 171.35
2970 2145321 169.7
2980 2153266 171.7
2990 2160569 177.1
3000 2168111 180.7
3010 2175163 174.1
3020 2181073 169.0
3030 2188080 166.5
3040 2193877 164.25
3050 2200704 162.7
3060 2208397 169.75
3070 2216792 177.4
3080 2224528 175.85
3090 2233477 186.65
3100 2240587 191.2
3110 2247243 191.1
3120 2253556 190.15
3130 2261549 192.75
3140 2267377 190.35
3150 2274049 189.95
3160 2280294 185.45
3170 2290055 190.65
3180 2297335 190.3
3190 2305304 178.8
3200 2312189 172.25
3210 2320395 181.8
3220 2326913 182.55
3230 2334186 182.8
3240 2340748 190.95
3250 2347836 191.65
3260 2355057 195.3
3270 2362170 180.35
3280 2369254 182.85
3290 2376296 182.85
3300 2383651 187.6
3310 2390849 186.35
3320 2396332 185.05
3330 2402267 181.25
3340 2409241 182.3
3350 2416524 189.85
3360 2423178 189.75
3370 2429585 191.9
3380 2437113 190.95
3390 2445418 192.5
3400 2452511 189.75
3410 2460405 183.55
3420 2467660 186.6
3430 2473212 184.65
10 6663 145.5
20 14151 155.5
30 21707 152.16666666666666
40 27979 150.875
50 34244 152.1
60 40677 149.75
70 48011 153.35714285714286
80 53584 146.25
90 60122 144.88888888888889
100 66471 143.25
110 73259 146.75
120 79796 144.5
130 86430 143.9
140 93568 146.45
150 99755 141.55
160 106665 141.5
170 112228 137.05
180 119899 145.95
190 126127 147.1
200 133826 153.95
210 141268 152.5
220 147852 157.3
230 154356 155.75
240 161347 156.8
250 167753 163.4
260 173076 158.15
270 179236 156.15
280 186825 155.95
290 192645 152.55
300 198151 144.45
310 206422 150.05
320 214378 150.3
330 220805 152.55
340 228382 156.7
350 234752 151.7
360 241726 161.1
370 248139 161.35
380 255039 159.0
390 262881 167.7
400 269924 175.8
410 277062 169.45
420 283169 163.25
430 290709 168.0
440 296871 163.7
450 304386 168.2
460 311343 169.05
470 319417 180.45
480 325202 177.85
490 332774 176.8
500 341180 181.35
510 347363 183.1
520 354960 192.0
530 361847 189.1
540 368592 190.9
550 374410 188.75
560 381935 194.2
570 389365 196.15
580 395432 199.9
590 403131 207.15
600 410334 203.55
610 417060 204.5
620 424871 203.8
630 431705 203.3
640 438483 202.3
650 445113 206.05
660 452617 204.3
670 460916 203.75
680 468858 211.9
690 477736 214.25
700 486374 225.05
710 493595 227.25
720 500005 225.6
730 507943 236.6
740 514408 234.6
750 521391 241.3
760 528358 239.4
770 535183 236.2
780 541987 232.95
790 549781 227.3
800 556472 217.6
810 563450 220.4
820 571962 228.6
830 580652 230.55
840 587834 236.35
850 595707 237.3
860 603074 239.6
870 610777 247.15
880 618920 257.55
890 625686 254.45
900 631833 248.9
910 638822 244.65
920 646705 243.35
930 653845 233.8
940 661125 232.25
950 668160 223.35
960 675310 220.9
970 681841 212.05
980 689375 201.4
990 696901 204.8
1000 703453 210.9
1010 710635 213.75
1020 718769 214.4
1030 725889 220.5
1040 733136 222.05
1050 740156 224.3
1060 747719 226.6
1070 755810 234.6
1080 765026 246.9
1090 772791 250.55
1100 780016 252.0
1110 787623 250.3
1120 794200 245.45
1130 800838 239.45
1140 808788 245.95
1150 817029 254.05
1160 824883 258.6
1170 832379 255.05
1180 840739 249.25
1190 848792 247.6
1200 856109 247.05
1210 864121 253.2
1220 873417 262.95
1230 881437 271.1
1240 889659 270.9
1250 896809 267.75
1260 905301 267.5
1270 913410 271.7
1280 921729 269.2
1290 930898 275.95
1300 938945 279.65
1310 946694 280.1
1320 956604 284.55
1330 965390 285.4
1340 973036 283.4
1350 980382 282.9
1360 988823 287.2
1370 997793 289.9
1380 1005864 291.5
1390 1014316 288.75
1400 1023325 290.15
1410 1032548 298.3
1420 1040413 288.2
1430 1048876 293.95
1440 1057282 297.6
1450 1065788 305.35
1460 1075780 315.95
1470 1084386 316.65
1480 1092726 316.15
1490 1101790 317.95
1500 1110860 319.05
1510 1120413 316.95
1520 1130357 331.15
1530 1138306 322.75
1540 1145774 317.05
1550 1154231 309.25
1560 1163859 304.05
1570 1171647 295.95
1580 1179832 297.4
1590 1188998 296.6
1600 1198120 300.95
1610 1205788 291.1
1620 1214434 278.6
1630 1224451 291.15
1640 1233291 295.55
1650 1242200 304.2
1660 1251211 301.35
1670 1259204 304.95
1680 1268515 310.3
1690 1277822 311.9
1700 1285747 311.25
1710 1294283 317.3
1720 1302658 315.15
1730 1311363 304.5
1740 1321116 310.05
1750 1331267 321.1
1760 1339219 315.5
1770 1349345 325.1
1780 1358129 319.6
1790 1366814 318.25
1800 1375919 318.25
1810 1384090 312.45
1820 1392219 315.55
1830 1399866 314.55
1840 1409482 307.95
1850 1417699 293.55
1860 1426741 294.7
1870 1434040 280.3
1880 1442237 277.95
1890 1448948 270.6
1900 1456037 257.55
1910 1464407 260.6
1920 1472276 255.75
1930 1480200 254.15
1940 1488029 250.2
1950 1496937 250.85
1960 1504822 249.0
1970 1512859 253.3
1980 1520575 252.65
1990 1529004 259.8
2000 1537573 271.75
2010 1545326 271.1
2020 1553306 269.55
2030 1562357 280.85
2040 1570543 287.05
2050 1579119 287.8
2060 1586665 283.6
2070 1594427 281.35
2080 1601201 275.15
2090 1611497 283.3
2100 1620017 281.15
2110 1627980 281.05
2120 1635367 282.05
2130 1643701 271.2
2140 1652361 271.75
2150 1660758 267.55
2160 1670102 281.65
2170 1678558 286.3
2180 1687817 300.5
2190 1697500 295.65
2200 1705646 296.0
2210 1714974 308.5
2220 1723820 312.85
2230 1732892 317.05
2240 1742244 320.15
2250 1750451 323.05
2260 1759894 320.85
2270 1767780 322.25
2280 1776433 316.35
2290 1785743 318.85
2300 1794711 320.25
2310 1805297 323.45
2320 1814541 332.15
2330 1822903 334.0
2340 1832009 335.0
2350 1840362 333.8
2360 1849362 333.2
2370 1859797 349.6
2380 1868207 353.35
2390 1877546 351.6
2400 1887006 358.2
2410 1895218 345.9
2420 1904500 342.0
2430 1913917 345.15
2440 1922145 338.05
2450 1929791 338.0
2460 1937928 330.3
2470 1947015 312.35
2480 1955293 309.7
2490 1963789 305.2
2500 1971886 295.4
2510 1979073 287.5
2520 1986715 280.85
2530 1994374 274.35
2540 2000936 267.35
2550 2008231 263.2
2560 2016206 263.7
2570 2024276 261.4
2580 2031947 253.65
2590 2040758 258.1
2600 2049686 256.35
2610 2058662 265.55
2620 2066909 264.8
2630 2075538 266.8
2640 2085659 282.7
2650 2094671 290.6
2660 2103807 294.7
2670 2111681 297.3
2680 2121191 321.2
2690 2129775 314.95
2700 2139568 326.4
2710 2148567 329.6
2720 2158477 339.15
2730 2167529 341.75
2740 2175833 334.15
2750 2183904 329.4
2760 2192848 333.4
2770 2201026 333.45
2780 2208489 307.55
2790 2217966 316.5
2800 2227076 315.1
2810 2235924 311.2
2820 2245273 307.6
2830 2252867 303.7
2840 2260887 304.15
2850 2269436 316.0
2860 2276676 307.1
2870 2285840 313.25
2880 2295892 336.5
2890 2305267 330.15
2900 2315381 334.75
2910 2322403 329.5
2920 2329946 326.9
2930 2338110 330.4
2940 2346346 330.35
2950 2354773 321.0
2960 2363486 331.9
2970 2372515 330.5
2980 2379838 315.4
2990 2389087 326.35
3000 2398297 319.75
3010 2408279 332.35
3020 2417622 341.65
3030 2427048 347.4
3040 2436271 351.65
3050 2444935 352.95
3060 2453857 353.15
3070 2463928 359.0
3080 2472491 360.6
3090 2482142 355.1
3100 2490781 349.6
3110 2499346 339.6
3120 2508964 335.6
3130 2518508 327.0
3140 2527955 326.5
3150 2537131 331.5
3160 2545963 327.95
3170 2553766 317.95
3180 2562292 324.35
3190 2570776 322.95
3200 2578972 325.95
3210 2587835 332.45
3220 2595263 328.65
3230 2604353 331.35
3240 2612204 324.3
3250 2620555 320.95
3260 2630048 327.65
3270 2638169 323.95
10 7043 143.5
20 14021 141.0
30 20744 137.33333333333334
40 26364 124.5
50 33325 124.8
60 40695 132.83333333333334
70 48462 144.35714285714286
80 55305 145.8125
90 62780 148.16666666666666
100 70123 153.6
110 76624 153.85
120 82772 152.35
130 90227 155.6
140 97841 163.25
150 105179 166.9
160 111916 164.2
170 119070 156.05
180 126013 154.25
190 133063 154.3
200 140466 151.45
210 148536 158.45
220 154830 161.4
230 160711 158.6
240 167057 154.3
250 175109 161.55
260 181815 161.75
270 188714 162.9
280 195580 165.85
290 202897 165.15
300 210118 163.95
310 218560 160.3
320 225313 158.5
330 232183 162.4
340 240196 172.3
350 246069 163.2
360 252777 161.1
370 259691 160.8
380 265647 154.8
390 271591 150.75
400 277374 148.1
410 283973 146.1
420 291448 149.85
430 297387 149.8
440 304439 144.6
450 311117 148.15
460 317648 150.5
470 323374 147.3
480 330366 156.35
490 337235 159.25
500 344328 168.35
510 350839 169.55
520 359092 175.4
530 365828 174.0
540 371710 172.55
550 378151 171.85
560 383999 172.9
570 390054 179.6
580 396810 179.3
590 404041 185.8
600 412277 190.55
610 419540 191.05
620 426028 186.5
630 433472 192.95
640 441160 196.15
650 448926 200.4
660 456792 205.85
670 464360 211.85
680 471750 215.0
690 479046 217.5
700 487352 213.8
710 494357 213.25
720 501544 213.85
730 508056 210.45
740 515014 209.35
750 522676 210.9
760 530094 211.2
770 538803 209.7
780 546647 210.0
790 554041 206.55
800 562737 210.05
810 568781 209.55
820 575473 212.45
830 582022 210.5
840 589599 213.7
850 597079 216.75
860 604584 219.1
870 612082 215.6
880 619508 215.95
890 627273 217.5
900 635233 215.35
910 643869 225.15
920 652205 231.1
930 660656 243.45
940 668048 244.45
950 675612 239.6
960 683111 235.25
970 689924 237.8
980 698514 243.1
990 706271 242.4
1000 713830 238.95
1010 721079 236.9
1020 728886 233.4
1030 736473 226.75
1040 744586 227.8
1050 752455 227.45
1060 760776 240.6
1070 769450 251.75
1080 778749 261.15
1090 787407 267.4
1100 795902 272.25
1110 803864 273.65
1120 811882 272.1
1130 819590 271.95
1140 828371 274.2
1150 837090 283.8
1160 844295 272.2
1170 852734 271.5
1180 862038 271.5
1190 871113 281.2
1200 880997 281.65
1210 889275 282.65
1220 898233 289.6
1230 906826 294.55
1240 914382 293.65
1250 921677 285.05
1260 928912 285.1
1270 937476 283.05
1280 944496 269.15
1290 953101 260.95
1300 960386 257.0
1310 967692 250.25
1320 974858 241.05
1330 983121 239.45
1340 991733 244.35
1350 999829 249.1
1360 1007079 251.4
1370 1015996 254.9
1380 1023336 252.85
1390 1033026 255.6
1400 1041072 262.25
1410 1049055 265.0
1420 1056983 269.5
1430 1065417 267.75
1440 1073188 262.45
1450 1082740 272.85
1460 1091403 278.25
1470 1099772 270.65
1480 1108345 276.9
1490 1115395 268.25
1500 1123521 264.45
1510 1131065 267.25
1520 1138213 267.95
1530 1145966 268.3
1540 1155604 274.85
1550 1164756 271.95
1560 1172784 269.95
1570 1181665 277.3
1580 1189962 273.85
1590 1198087 278.2
1600 1205734 273.95
1610 1213837 279.55
1620 1223059 286.75
1630 1232375 293.85
1640 1241042 292.25
1650 1249403 286.45
1660 1258937 291.55
1670 1267390 286.95
1680 1275957 290.4
1690 1285309 298.05
1700 1293516 303.05
1710 1302265 304.5
1720 1311122 302.2
1730 1318982 297.5
1740 1327607 294.6
1750 1335666 291.75
1760 1344670 286.2
1770 1353674 289.3
1780 1362370 292.5
1790 1372224 295.15
1800 1379016 286.3
1810 1386349 274.35
1820 1393618 268.6
1830 1402249 266.6
1840 1411101 269.15
1850 1418664 268.15
1860 1426502 266.2
1870 1434642 264.7
1880 1443052 261.05
1890 1452575 253.85
1900 1460500 263.65
1910 1469837 268.2
1920 1478183 273.75
1930 1485990 271.7
1940 1494517 272.8
1950 1502191 271.3
1960 1510170 271.0
1970 1518396 265.35
1980 1525247 258.1
1990 1534512 262.95
2000 1543075 270.85
2010 1551105 271.6
2020 1559731 273.6
2030 1567648 279.9
2040 1574947 275.05
2050 1582428 275.4
2060 1589983 274.7
2070 1598202 278.45
2080 1607009 286.65
2090 1614551 274.3
2100 1622141 260.15
2110 1630447 260.35
2120 1639222 261.05
2130 1647977 264.65
2140 1656259 269.15
2150 1664705 277.85
2160 1673719 295.4
2170 1680844 293.0
2180 1688352 290.05
2190 1696132 299.1
2200 1704350 309.25
2210 1712714 307.85
2220 1720911 298.2
2230 1729441 294.3
2240 1737183 296.75
2250 1745682 290.95
2260 1755146 284.85
2270 1763312 291.15
2280 1771630 292.4
2290 1780526 292.85
2300 1789512 297.35
2310 1797228 296.95
2320 1805320 301.15
10 6738 149.5
20 13245 139.25
30 20257 164.66666666666666
40 27407 173.125
50 34379 167.8
60 40880 160.5
70 47235 154.92857142857142
80 53997 156.25
90 61244 162.44444444444446
100 68385 162.6
110 73945 156.0
120 79889 153.2
130 85774 142.35
140 91875 136.8
150 99468 139.4
160 106087 140.8
170 112437 143.85
180 120961 147.3
190 127415 139.5
200 134456 136.3
210 142185 145.05
220 150210 157.25
230 157714 165.55
240 164170 167.3
250 170576 164.7
260 178031 167.45
270 185874 168.9
280 192423 167.8
290 198586 166.45
300 205194 169.2
310 212333 169.95
320 218276 159.2
330 226386 161.8
340 233132 162.25
350 239846 163.65
360 247137 165.95
370 253599 164.2
380 260034 163.0
390 267120 169.5
400 273428 169.3
410 280827 167.35
420 287893 173.4
430 295409 170.1
440 303679 172.85
450 310774 174.8
460 318480 175.3
470 324226 174.8
480 331933 177.85
490 338177 174.7
500 344282 173.2
510 350172 170.0
520 357159 169.85
530 362324 163.15
540 369393 164.2
550 376696 165.65
560 383310 160.75
570 390742 166.1
580 398416 165.0
590 405599 167.4
600 411509 165.3
610 417213 167.4
620 424093 168.7
630 430948 175.3
640 438180 176.5
650 444678 176.95
660 451776 184.5
670 458896 183.5
680 464989 177.45
690 471092 174.15
700 477884 186.0
710 485513 195.15
720 492195 192.15
730 498942 194.35
740 507411 200.55
750 515457 205.15
760 521906 202.05
770 529057 203.5
780 536822 209.7
790 544349 217.75
800 550900 214.55
810 557277 205.3
820 565342 212.05
830 573049 214.3
840 579673 205.15
850 586820 202.25
860 594544 207.45
870 601108 204.5
880 607450 200.7
890 614206 199.75
900 621309 198.15
910 628032 201.65
920 634542 194.55
930 642541 195.65
940 649861 198.55
10 6520 129.0
20 13714 123.5
30 20277 133.0
10 7947 185.5
20 14190 165.25
30 20579 145.33333333333334
40 27289 142.5
50 34773 152.8
60 40460 145.58333333333334
70 47925 150.57142857142858
80 55318 153.4375
90 62835 155.72222222222223
100 69103 152.85
110 77774 154.8
120 84585 155.25
130 91225 157.3
140 98614 158.95
150 106312 160.7
160 113470 165.7
170 121171 164.55
180 127294 158.75
190 134718 157.85
200 141149 157.75
210 147498 149.6
220 154597 150.4
230 163657 155.65
240 170124 152.9
250 176763 144.65
260 183932 139.2
270 190362 135.05
280 196381 132.05
290 203222 129.5
300 210497 132.35
310 218355 140.45
320 225392 142.25
330 232225 141.95
340 238331 142.45
350 244972 143.55
360 252440 150.7
370 259742 155.25
380 266086 159.3
390 272968 160.1
400 281027 167.7
410 287609 159.2
420 294191 153.4
430 301388 149.85
440 308058 149.1
450 315237 152.5
460 322473 152.0
470 329271 149.8
480 337125 163.95
490 344473 164.05
500 351677 158.3
510 358274 162.5
520 365447 166.9
530 371699 164.2
540 377656 164.3
550 384776 164.1
560 392273 162.95
570 399196 167.6
580 406547 157.55
590 413737 159.8
600 422059 165.55
610 428409 162.2
620 436261 165.5
630 444109 173.05
640 450092 173.9
650 457381 174.9
660 463056 169.9
670 470219 163.4
680 478560 173.45
690 484951 171.4
700 492327 172.65
710 500222 179.05
720 506868 174.8
730 515225 177.25
740 522327 183.45
750 529356 181.15
760 537224 188.55
770 544073 189.15
780 551234 182.9
790 558843 183.4
800 565445 171.8
810 572665 168.8
820 579354 166.65
830 586871 160.9
840 594332 161.35
850 602136 167.65
860 610457 167.95
870 618186 171.8
880 624773 162.6
890 633004 162.75
900 639979 165.35
910 648331 167.75
920 654867 167.05
930 661417 165.1
940 668141 161.15
950 676292 161.9
960 682808 157.7
970 690929 162.75
980 699332 174.5
990 705697 172.1
1000 711720 169.75
1010 718603 167.3
1020 725153 166.95
1030 732180 172.3
1040 738457 169.5
1050 745668 168.1
1060 752850 169.8
1070 759195 158.6
1080 765701 154.0
1090 771997 154.2
1100 779208 156.75
1110 786032 156.05
1120 792700 155.7
1130 800868 158.8
1140 807348 159.85
1150 813913 152.25
1160 820151 153.05
1170 825319 151.8
1180 831712 147.7
1190 838164 149.0
1200 846120 154.65
1210 854109 164.35
1220 862181 177.25
1230 868786 169.8
1240 875960 176.35
1250 882919 179.35
1260 889110 174.85
1270 895921 181.25
1280 902832 185.05
1290 911000 192.0
1300 917856 186.35
1310 926601 183.8
1320 935755 187.9
1330 942223 188.85
1340 948838 186.75
1350 955704 186.25
1360 962566 188.8
1370 968775 187.25
1380 975501 184.25
1390 982718 183.25
1400 989420 183.15
1410 995343 173.8
1420 1002229 162.8
1430 1009925 171.6
1440 1017606 175.5
1450 1024369 176.3
1460 1033589 189.35
1470 1041078 192.95
1480 1047740 196.5
1490 1055180 199.3
1500 1064429 213.8
1510 1072851 224.1
1520 1080937 229.75
1530 1087842 221.75
1540 1095834 218.15
1550 1104724 225.4
1560 1112669 215.35
1570 1122367 225.25
1580 1129483 228.7
1590 1138075 229.1
1600 1145600 220.55
1610 1152841 214.4
1620 1160421 208.85
1630 1169577 221.25
1640 1176094 215.8
1650 1184058 210.55
1660 1190592 207.35
1670 1198365 200.75
1680 1207316 205.4
1690 1216661 203.7
1700 1224278 202.4
1710 1235017 218.2
1720 1244588 224.95
1730 1253587 221.75
1740 1262289 229.25
1750 1269456 232.2
1760 1277622 239.2
1770 1284230 231.85
1780 1292324 230.25
1790 1300866 226.8
1800 1310065 234.7
1810 1317604 226.25
1820 1324802 221.05
1830 1332595 217.65
1840 1340546 217.6
1850 1349527 217.25
1860 1359308 225.55
1870 1369643 236.25
1880 1377168 231.5
1890 1383480 227.25
1900 1391656 225.2
1910 1400220 220.8
1920 1407370 223.25
1930 1415107 227.8
1940 1423114 230.4
1950 1430419 227.95
1960 1438706 218.9
1970 1447315 215.8
1980 1455674 220.15
1990 1465119 229.85
2000 1472264 221.3
2010 1480359 219.0
2020 1489208 224.85
2030 1496514 223.65
2040 1505640 225.75
2050 1514129 235.9
2060 1521492 234.5
2070 1529156 234.1
2080 1536965 230.0
2090 1543602 223.9
2100 1553156 232.55
2110 1561284 235.65
2120 1569048 229.0
2130 1577032 223.75
2140 1586038 222.25
2150 1594737 219.35
2160 1603749 230.3
2170 1611171 229.8
2180 1620678 236.0
2190 1629815 247.0
2200 1638630 248.55
2210 1648069 259.5
2220 1657598 268.45
2230 1665176 272.4
2240 1674255 272.5
2250 1682300 272.5
2260 1691251 269.95
2270 1700856 280.3
2280 1708801 280.55
2290 1716950 280.05
2300 1724490 273.85
2310 1734203 273.2
2320 1743374 272.15
2330 1752540 277.8
2340 1762222 288.25
2350 1771406 285.45
2360 1779618 282.15
2370 1787915 280.45
2380 1796880 284.45
2390 1805167 284.85
2400 1814809 291.45
2410 1823168 286.35
2420 1832459 290.3
2430 1842181 290.8
2440 1851351 285.05
2450 1860729 297.0
2460 1868817 300.8
2470 1877985 296.85
2480 1887069 299.05
2490 1896721 302.55
2500 1904021 298.2
2510 1912285 299.15
2520 1919600 290.5
2530 1928504 285.05
2540 1937353 283.45
2550 1946726 279.9
2560 1956100 282.6
2570 1964668 285.5
2580 1973834 288.05
2590 1981955 281.05
2600 1991370 285.8
2610 1999433 285.5
10 6299 112.5
20 13355 145.0
30 19063 129.0
40 26623 134.875
50 33378 136.9
60 39914 137.33333333333334
70 45762 134.28571428571428
80 52366 134.5625
90 59013 133.38888888888889
100 65714 133.9
110 72167 135.35
120 79221 131.5
130 87163 144.2
140 92748 140.4
150 98793 136.85
160 106521 138.3
170 113097 143.0
180 120699 146.9
190 127815 148.95
200 135195 154.5
210 141581 156.0
220 148252 154.45
230 155552 146.4
240 162435 150.35
250 169496 154.3
260 177301 154.55
270 184565 154.55
280 192032 156.5
290 199199 159.85
300 205607 154.2
310 211472 155.75
320 218149 159.0
330 226760 163.35
340 232736 158.2
350 239512 158.5
360 245918 155.1
370 252161 151.35
380 258544 144.8
390 266213 144.75
400 272909 144.25
410 280524 148.35
420 287481 147.45
430 294418 145.5
440 301555 154.3
450 308546 155.1
460 315863 159.55
470 322042 156.05
480 329939 164.7
490 337084 161.85
500 344021 163.15
510 351177 159.85
520 358853 159.4
530 366362 161.05
540 373596 158.45
550 380530 156.15
560 386634 152.3
570 394960 162.0
580 402273 156.35
590 409580 160.25
600 416729 163.5
610 422868 163.35
620 429732 167.55
630 437433 167.1
640 445528 172.25
650 453575 178.85
660 462008 186.55
670 468701 183.0
680 477202 188.15
690 484967 189.8
700 492234 189.5
710 499685 189.05
720 506821 189.6
730 514434 192.45
740 522324 186.85
750 529245 182.8
760 535626 176.55
770 543539 177.4
780 550263 170.8
790 557206 167.4
800 565384 169.4
810 572753 169.55
820 579390 164.85
830 586213 156.9
840 593177 155.3
850 601486 158.95
860 608799 163.0
870 615224 161.8
880 621807 161.0
890 628934 159.75
900 635464 154.2
910 641925 152.5
920 648553 152.05
930 655136 153.05
940 662406 154.95
950 670094 154.7
960 676390 150.5
970 682955 148.65
980 690597 154.55
990 698565 161.9
1000 706484 167.15
1010 713705 169.5
1020 720371 170.55
1030 728050 179.35
1040 734859 181.45
1050 742376 176.15
1060 749046 176.95
1070 755918 179.35
1080 762397 174.1
1090 770569 167.9
1100 775735 158.25
1110 782645 159.85
1120 788994 161.0
1130 795382 153.7
1140 802107 149.1
1150 809838 153.05
1160 817222 161.05
1170 824352 159.65
1180 830329 158.7
1190 837704 160.35
1200 845798 170.3
1210 854051 175.55
1220 860681 176.05
1230 869182 187.9
1240 875245 189.8
1250 883345 194.85
1260 891371 188.85
1270 899074 193.5
1280 905421 192.65
1290 911880 190.0
1300 920813 192.65
1310 928371 188.45
1320 934116 183.75
1330 941049 173.25
1340 948711 181.55
1350 955094 173.35
1360 963929 179.75
1370 971078 183.15
1380 977919 187.75
1390 986250 193.95
1400 992881 187.7
1410 998722 180.85
1420 1005883 189.35
1430 1012277 185.7
1440 1018672 180.9
1450 1025535 181.45
1460 1031301 170.75
1470 1040868 172.85
1480 1048768 175.7
1490 1056186 171.4
1500 1062919 171.3
1510 1068882 173.45
1520 1077608 177.65
1530 1087596 188.3
1540 1094461 185.15
1550 1103489 193.85
1560 1110649 202.8
1570 1116815 191.95
1580 1125711 197.05
1590 1133539 198.05
1600 1141017 200.45
1610 1149014 209.45
1620 1156780 204.5
1630 1164918 202.1
1640 1173002 211.55
1650 1181480 214.1
1660 1190202 221.1
1670 1198308 228.4
1680 1206700 224.5
1690 1214699 224.35
1700 1223216 233.75
1710 1232318 237.75
1720 1241324 242.35
1730 1248992 242.55
1740 1256651 240.65
1750 1264484 240.55
1760 1273581 234.6
1770 1279949 230.25
1780 1288045 231.25
1790 1295462 235.6
1800 1303736 232.2
1810 1311817 226.5
1820 1318848 221.85
1830 1327395 223.9
1840 1336023 229.4
1850 1343716 223.2
1860 1351996 223.55
1870 1359697 226.6
1880 1366292 219.7
1890 1374744 220.25
1900 1382867 216.05
1910 1391280 219.6
1920 1400034 231.15
1930 1410302 238.2
1940 1420286 235.55
1950 1429120 242.2
1960 1436851 240.75
1970 1445918 249.55
1980 1454983 259.7
1990 1463368 259.1
2000 1471777 269.15
2010 1480958 266.35
2020 1487995 253.7
2030 1497187 246.6
2040 1504971 238.75
2050 1512493 229.7
2060 1519974 228.75
2070 1530537 233.1
2080 1539302 237.25
2090 1546702 235.6
2100 1555558 231.95
2110 1565841 242.95
2120 1574332 251.65
2130 1583615 255.0
2140 1592489 260.1
2150 1600999 271.2
2160 1609079 272.7
2170 1617793 265.75
2180 1626048 265.65
2190 1634348 266.9
2200 1644783 276.3
2210 1653601 268.85
2220 1662291 270.75
2230 1670875 270.6
2240 1679234 275.75
2250 1688806 272.4
2260 1697537 277.5
2270 1706720 279.25
2280 1714088 270.6
2290 1721390 267.95
2300 1730909 265.0
2310 1739008 262.65
2320 1748453 261.05
2330 1757284 258.6
2340 1765120 251.05
2350 1774254 252.35
2360 1783215 250.05
2370 1792378 255.25
2380 1800804 259.15
2390 1809948 264.3
2400 1819047 257.0
10 8337 184.0
20 15131 159.75
30 21683 154.66666666666666
40 28372 154.625
50 35759 148.6
60 41941 141.25
70 48727 141.5
80 55776 141.5625
90 62969 146.61111111111111
100 70403 150.6
110 77543 149.15
120 83604 145.75
130 90225 148.3
140 96108 145.05
150 102351 143.7
160 108849 147.05
170 115933 149.15
180 122330 149.6
190 128515 143.1
200 136708 146.3
210 144272 144.95
220 150912 150.4
230 158076 146.75
240 165423 150.2
250 171236 153.0
260 177381 150.55
270 183682 144.6
280 191330 148.1
290 198728 151.35
300 206009 148.5
310 212550 149.85
320 219260 147.65
330 225714 145.9
340 233818 150.8
350 241068 154.15
360 248250 159.4
370 255269 161.9
380 261823 156.95
390 268573 154.95
400 275677 154.0
410 282077 150.1
420 289252 149.8
430 295774 150.05
440 303038 146.5
450 311116 154.55
460 318182 153.0
470 325402 157.9
480 332117 159.45
490 339355 162.7
500 346392 158.15
510 353094 159.8
520 360896 169.85
530 368939 177.9
540 375373 172.75
550 383171 165.1
560 390505 166.1
570 397466 168.3
580 405304 171.7
590 412703 170.8
600 420053 175.0
610 427194 179.45
620 434091 169.9
630 441773 170.05
640 448094 169.7
650 455137 166.8
660 460530 162.65
670 466512 157.6
680 474918 157.65
690 480913 153.7
700 487092 150.9
710 494023 149.25
720 501335 154.05
730 508090 148.45
740 515101 153.2
750 522753 157.3
760 529859 161.4
770 537310 163.95
780 545824 165.15
790 552249 167.55
800 558109 167.4
810 564293 162.75
820 570250 156.85
830 575974 154.75
840 583334 158.45
850 590693 158.4
860 597891 156.95
870 604908 154.1
880 611910 152.6
890 618824 155.1
900 624649 150.85
910 631489 151.75
920 637925 153.85
930 645241 159.65
940 651789 153.75
950 658897 150.75
960 664297 150.5
970 670750 152.5
980 676253 146.6
990 682937 147.45
1000 691424 154.45
1010 697531 153.25
1020 705100 158.2
1030 711938 156.7
1040 719971 165.75
1050 727354 170.85
1060 733602 172.5
1070 740985 176.25
1080 748860 182.45
1090 754382 174.6
1100 761378 172.05
1110 768018 175.6
1120 774844 177.2
1130 782446 184.45
1140 789049 178.1
1150 796052 177.25
1160 803270 177.1
1170 809667 172.0
1180 817530 176.25
1190 824984 187.7
1200 832895 193.1
1210 840140 195.1
1220 846816 192.55
1230 853358 188.0
1240 860984 189.75
1250 869326 189.3
1260 877069 196.55
1270 883890 201.9
1280 891172 196.45
1290 898247 192.0
1300 905814 192.05
1310 914137 199.15
1320 920819 198.2
1330 928049 200.95
1340 935896 201.85
1350 943677 201.4
1360 950999 196.5
1370 959986 206.6
1380 968749 209.15
1390 977387 219.1
1400 985199 221.45
1410 992134 212.1
1420 1000234 216.7
1430 1006520 208.65
1440 1015023 213.1
1450 1023438 218.2
1460 1031021 222.35
1470 1037932 207.55
1480 1046912 211.45
1490 1054579 207.05
1500 1065176 217.0
1510 1074184 230.05
1520 1082450 229.25
1530 1090479 240.0
1540 1099339 243.6
1550 1107903 249.5
1560 1114986 244.4
1570 1122549 246.45
1580 1131500 244.3
1590 1140907 249.8
1600 1148997 242.8
1610 1157964 246.8
1620 1166876 254.25
1630 1174600 250.4
1640 1184822 255.0
1650 1193436 250.65
1660 1201176 256.8
1670 1209747 262.5
1680 1218097 266.8
1690 1226346 264.95
1700 1235405 262.55
1710 1243838 256.2
1720 1252809 260.95
1730 1261723 266.85
1740 1270718 263.75
1750 1278971 267.85
1760 1286601 265.65
1770 1294288 262.65
1780 1305045 273.45
1790 1312193 271.45
1800 1319173 266.35
10 7726 159.0
20 13763 137.25
30 20255 135.16666666666666
40 27095 135.25
50 33536 141.6
60 41190 144.25
70 48763 147.14285714285714
80 55477 143.1875
90 63031 145.94444444444446
